0.002	0.022
0.007	0.020
0.007	0.022
0.010	0.020
0.012	0.022
0.034	0.023
0.041	0.025
0.048	0.026
0.055	0.027
0.060	0.029
0.065	0.030
0.070	0.031
0.072	0.033
0.077	0.034
0.082	0.036
0.084	0.037
0.086	0.038
0.089	0.040
0.094	0.041
0.096	0.043
0.098	0.044
0.101	0.045
0.103	0.047
0.106	0.048
0.108	0.049
0.110	0.051
0.113	0.052
0.115	0.054
0.118	0.055
0.120	0.056
0.122	0.058
0.122	0.059
0.125	0.061
0.127	0.062
0.130	0.063
0.132	0.065
0.134	0.066
0.134	0.067
0.137	0.069
0.139	0.070
0.142	0.072
0.144	0.073
0.144	0.074
0.146	0.076
0.149	0.077
0.149	0.079
0.151	0.080
0.154	0.081
0.156	0.083
0.156	0.084
0.158	0.085
0.161	0.087
0.161	0.088
0.163	0.090
0.166	0.091
0.166	0.092
0.168	0.094
0.170	0.095
0.170	0.097
0.173	0.098
0.175	0.099
0.175	0.101
0.178	0.102
0.180	0.103
0.180	0.105
0.182	0.106
0.182	0.108
0.185	0.109
0.185	0.110
0.187	0.112
0.190	0.113
0.190	0.114
0.192	0.116
0.194	0.117
0.194	0.119
0.197	0.120
0.199	0.121
0.199	0.123
0.202	0.124
0.202	0.126
0.204	0.127
0.206	0.128
0.206	0.130
0.209	0.131
0.209	0.132
0.211	0.134
0.214	0.135
0.214	0.137
0.216	0.138
0.218	0.139
0.218	0.141
0.221	0.142
0.223	0.144
0.223	0.145
0.226	0.146
0.226	0.148
0.228	0.149
0.228	0.150
0.230	0.152
0.230	0.153
0.233	0.155
0.235	0.156
0.235	0.157
0.238	0.159
0.238	0.160
0.240	0.162
0.240	0.163
0.242	0.164
0.242	0.166
0.245	0.167
0.245	0.168
0.247	0.170
0.247	0.171
0.250	0.173
0.250	0.174
0.252	0.175
0.254	0.177
0.254	0.178
0.254	0.180
0.257	0.181
0.257	0.182
0.259	0.184
0.259	0.185
0.262	0.186
0.262	0.188
0.264	0.189
0.264	0.191
0.266	0.192
0.266	0.193
0.269	0.195
0.269	0.196
0.271	0.198
0.271	0.199
0.274	0.200
0.274	0.202
0.276	0.203
0.276	0.204
0.278	0.206
0.278	0.207
0.281	0.209
0.281	0.210
0.283	0.211
0.283	0.213
0.286	0.214
0.286	0.216
0.288	0.217
0.288	0.218
0.290	0.220
0.290	0.221
0.290	0.222
0.293	0.224
0.295	0.225
0.295	0.227
0.295	0.228
0.298	0.229
0.300	0.231
0.300	0.232
0.302	0.234
0.302	0.235
0.302	0.236
0.305	0.238
0.305	0.239
0.307	0.240
0.307	0.242
0.310	0.243
0.310	0.245
0.312	0.246
0.312	0.247
0.312	0.249
0.314	0.250
0.314	0.252
0.317	0.253
0.317	0.254
0.319	0.256
0.319	0.257
0.322	0.258
0.322	0.260
0.324	0.261
0.324	0.263
0.326	0.264
0.326	0.265
0.329	0.267
0.329	0.268
0.329	0.270
0.331	0.271
0.334	0.272
0.334	0.274
0.334	0.275
0.336	0.276
0.336	0.278
0.338	0.279
0.338	0.281
0.338	0.282
0.341	0.283
0.341	0.285
0.343	0.286
0.343	0.288
0.343	0.289
0.346	0.290
0.346	0.292
0.348	0.293
0.348	0.294
0.350	0.296
0.350	0.297
0.350	0.299
0.353	0.300
0.353	0.301
0.355	0.303
0.355	0.304
0.358	0.306
0.358	0.307
0.360	0.308
0.360	0.310
0.360	0.311
0.362	0.312
0.362	0.314
0.362	0.315
0.365	0.317
0.365	0.318
0.367	0.319
0.367	0.321
0.367	0.322
0.370	0.324
0.370	0.325
0.372	0.326
0.372	0.328
0.374	0.329
0.374	0.330
0.374	0.332
0.377	0.333
0.377	0.335
0.379	0.336
0.379	0.337
0.379	0.339
0.382	0.340
0.382	0.342
0.384	0.343
0.384	0.344
0.384	0.346
0.386	0.347
0.386	0.348
0.389	0.350
0.389	0.351
0.389	0.353
0.391	0.354
0.391	0.355
0.394	0.357
0.394	0.358
0.394	0.360
0.396	0.361
0.396	0.362
0.398	0.364
0.398	0.365
0.398	0.366
0.401	0.368
0.401	0.369
0.403	0.371
0.403	0.372
0.403	0.373
0.406	0.375
0.406	0.376
0.406	0.378
0.408	0.379
0.408	0.380
0.408	0.382
0.410	0.383
0.410	0.384
0.413	0.386
0.413	0.387
0.415	0.389
0.415	0.390
0.415	0.391
0.418	0.393
0.418	0.394
0.418	0.396
0.420	0.397
0.420	0.398
0.420	0.400
0.422	0.401
0.422	0.402
0.425	0.404
0.425	0.405
0.425	0.407
0.427	0.408
0.427	0.409
0.430	0.411
0.430	0.412
0.430	0.413
0.432	0.415
0.432	0.416
0.434	0.418
0.434	0.419
0.434	0.420
0.437	0.422
0.437	0.423
0.437	0.425
0.439	0.426
0.439	0.427
0.442	0.429
0.442	0.430
0.442	0.431
0.444	0.433
0.444	0.434
0.444	0.436
0.446	0.437
0.446	0.438
0.446	0.440
0.449	0.441
0.449	0.443
0.449	0.444
0.451	0.445
0.451	0.447
0.454	0.448
0.454	0.449
0.454	0.451
0.456	0.452
0.456	0.454
0.456	0.455
0.458	0.456
0.458	0.458
0.461	0.459
0.461	0.461
0.461	0.462
0.461	0.463
0.463	0.465
0.463	0.466
0.463	0.467
0.466	0.469
0.466	0.470
0.466	0.472
0.468	0.473
0.468	0.474
0.468	0.476
0.470	0.477
0.470	0.479
0.473	0.480
0.473	0.481
0.473	0.483
0.475	0.484
0.475	0.485
0.475	0.487
0.478	0.488
0.478	0.490
0.478	0.491
0.480	0.492
0.480	0.494
0.480	0.495
0.482	0.497
0.482	0.498
0.482	0.499
0.485	0.501
0.485	0.502
0.487	0.503
0.487	0.505
0.487	0.506
0.490	0.508
0.490	0.509
0.490	0.510
0.492	0.512
0.492	0.513
0.492	0.515
0.494	0.516
0.494	0.517
0.494	0.519
0.497	0.520
0.497	0.521
0.497	0.523
0.499	0.524
0.499	0.526
0.499	0.527
0.502	0.528
0.502	0.530
0.502	0.531
0.504	0.533
0.504	0.534
0.504	0.535
0.506	0.537
0.506	0.538
0.509	0.539
0.509	0.541
0.509	0.542
0.511	0.544
0.511	0.545
0.511	0.546
0.514	0.548
0.514	0.549
0.514	0.551
0.516	0.552
0.516	0.553
0.516	0.555
0.518	0.556
0.518	0.557
0.521	0.559
0.521	0.560
0.521	0.562
0.521	0.563
0.523	0.564
0.523	0.566
0.523	0.567
0.526	0.569
0.526	0.570
0.526	0.571
0.528	0.573
0.528	0.574
0.530	0.575
0.530	0.577
0.530	0.578
0.530	0.580
0.533	0.581
0.533	0.582
0.535	0.584
0.535	0.585
0.535	0.587
0.535	0.588
0.538	0.589
0.538	0.591
0.538	0.592
0.540	0.593
0.540	0.595
0.540	0.596
0.542	0.598
0.542	0.599
0.542	0.600
0.545	0.602
0.545	0.603
0.547	0.605
0.547	0.606
0.547	0.607
0.547	0.609
0.550	0.610
0.550	0.611
0.550	0.613
0.552	0.614
0.552	0.616
0.552	0.617
0.554	0.618
0.554	0.620
0.554	0.621
0.557	0.623
0.557	0.624
0.557	0.625
0.559	0.627
0.559	0.628
0.559	0.629
0.562	0.631
0.562	0.632
0.562	0.634
0.564	0.635
0.564	0.636
0.564	0.638
0.566	0.639
0.566	0.641
0.566	0.642
0.569	0.643
0.569	0.645
0.569	0.646
0.569	0.647
0.571	0.649
0.571	0.650
0.574	0.652
0.574	0.653
0.574	0.654
0.576	0.656
0.576	0.657
0.576	0.659
0.576	0.660
0.578	0.661
0.578	0.663
0.578	0.664
0.581	0.665
0.581	0.667
0.581	0.668
0.583	0.670
0.583	0.671
0.583	0.672
0.586	0.674
0.586	0.675
0.586	0.677
0.588	0.678
0.588	0.679
0.588	0.681
0.590	0.682
0.590	0.683
0.590	0.685
0.590	0.686
0.593	0.688
0.593	0.689
0.593	0.690
0.595	0.692
0.595	0.693
0.595	0.695
0.598	0.696
0.598	0.697
0.598	0.699
0.598	0.700
0.600	0.701
0.600	0.703
0.600	0.704
0.602	0.706
0.602	0.707
0.602	0.708
0.605	0.710
0.605	0.711
0.605	0.713
0.607	0.714
0.607	0.715
0.607	0.717
0.610	0.718
0.610	0.719
0.610	0.721
0.610	0.722
0.612	0.724
0.612	0.725
0.612	0.726
0.614	0.728
0.614	0.729
0.614	0.730
0.617	0.732
0.617	0.733
0.617	0.735
0.619	0.736
0.619	0.737
0.619	0.739
0.622	0.740
0.622	0.742
0.622	0.743
0.622	0.744
0.624	0.746
0.624	0.747
0.624	0.748
0.626	0.750
0.626	0.751
0.626	0.753
0.629	0.754
0.629	0.755
0.629	0.757
0.629	0.758
0.631	0.760
0.631	0.761
0.631	0.762
0.634	0.764
0.634	0.765
0.634	0.766
0.636	0.768
0.636	0.769
0.636	0.771
0.638	0.772
0.638	0.773
0.638	0.775
0.638	0.776
0.641	0.778
0.641	0.779
0.641	0.780
0.643	0.782
0.643	0.783
0.643	0.784
0.646	0.786
0.646	0.787
0.646	0.789
0.646	0.790
0.648	0.791
0.648	0.793
0.648	0.794
0.650	0.796
0.650	0.797
0.650	0.798
0.653	0.800
0.653	0.801
0.653	0.802
0.653	0.804
0.655	0.805
0.655	0.807
0.655	0.808
0.658	0.809
0.658	0.811
0.658	0.812
0.660	0.814
0.660	0.815
0.660	0.816
0.660	0.818
0.662	0.819
0.662	0.820
0.662	0.822
0.665	0.823
0.665	0.825
0.665	0.826
0.667	0.827
0.667	0.829
0.667	0.830
0.667	0.832
0.670	0.833
0.670	0.834
0.670	0.836
0.672	0.837
0.672	0.838
0.672	0.840
0.674	0.841
0.674	0.843
0.674	0.844
0.674	0.845
0.677	0.847
0.677	0.848
0.677	0.850
0.679	0.851
0.679	0.852
0.679	0.854
0.682	0.855
0.682	0.856
0.682	0.858
0.682	0.859
0.684	0.861
0.684	0.862
0.684	0.863
0.684	0.865
0.686	0.866
0.686	0.868
0.686	0.869
0.689	0.870
0.689	0.872
0.689	0.873
0.691	0.874
0.691	0.876
0.691	0.877
0.694	0.879
0.694	0.880
0.694	0.881
0.694	0.883
0.696	0.884
0.696	0.886
0.696	0.887
0.696	0.888
0.698	0.890
0.698	0.891
0.698	0.892
0.701	0.894
0.701	0.895
0.701	0.897
0.701	0.898
0.703	0.899
0.703	0.901
0.703	0.902
0.706	0.904
0.706	0.905
0.706	0.906
0.708	0.908
0.708	0.909
0.708	0.910
0.708	0.912
0.710	0.913
0.710	0.915
0.710	0.916
0.713	0.917
0.713	0.919
0.713	0.920
0.713	0.922
0.715	0.923
0.715	0.924
0.715	0.926
0.718	0.927
0.718	0.928
0.718	0.930
0.718	0.931
0.720	0.933
0.720	0.934
0.720	0.935
0.722	0.937
0.722	0.938
0.722	0.940
0.722	0.941
0.725	0.942
0.725	0.944
0.725	0.945
0.727	0.946
0.727	0.948
0.727	0.949
0.727	0.951
0.730	0.952
0.730	0.953
0.730	0.955
0.730	0.956
0.732	0.958
0.732	0.959
0.732	0.960
0.734	0.962
0.734	0.963
0.734	0.964
0.737	0.966
0.737	0.967
0.737	0.969
0.737	0.970
0.739	0.971
0.739	0.973
0.739	0.974
0.742	0.976
0.742	0.977
0.742	0.978
0.742	0.980
0.744	0.981
0.744	0.982
0.744	0.984
0.744	0.985
0.746	0.987
0.746	0.988
0.746	0.989
0.749	0.991
0.749	0.992
0.749	0.994
0.749	0.995
0.751	0.996
0.751	0.998
0.751	0.999
0.754	1.000
0.754	1.002
0.754	1.003
0.756	1.005
0.756	1.006
0.756	1.007
0.756	1.009
0.758	1.010
0.758	1.012
0.758	1.013
0.758	1.014
0.761	1.016
0.761	1.017
0.761	1.018
0.763	1.020
0.763	1.021
0.763	1.023
0.763	1.024
0.766	1.025
0.766	1.027
0.766	1.028
0.768	1.030
0.768	1.031
0.768	1.032
0.768	1.034
0.770	1.035
0.770	1.036
0.770	1.038
0.770	1.039
0.773	1.041
0.773	1.042
0.773	1.043
0.775	1.045
0.775	1.046
0.775	1.048
0.775	1.049
0.778	1.050
0.778	1.052
0.778	1.053
0.780	1.054
0.780	1.056
0.780	1.057
0.782	1.059
0.782	1.060
0.782	1.061
0.785	1.063
0.785	1.064
0.785	1.065
0.785	1.067
0.787	1.068
0.787	1.070
0.787	1.071
0.787	1.072
0.790	1.074
0.790	1.075
0.790	1.077
0.792	1.078
0.792	1.079
0.792	1.081
0.792	1.082
0.794	1.083
0.794	1.085
0.794	1.086
0.794	1.088
0.797	1.089
0.797	1.090
0.797	1.092
0.799	1.093
0.799	1.095
0.799	1.096
0.802	1.097
0.802	1.099
0.802	1.100
0.802	1.101
0.804	1.103
0.804	1.104
0.804	1.106
0.804	1.107
0.806	1.108
0.806	1.110
0.806	1.111
0.809	1.113
0.809	1.114
0.809	1.115
0.809	1.117
0.811	1.118
0.811	1.119
0.811	1.121
0.814	1.122
0.814	1.124
0.814	1.125
0.814	1.126
0.816	1.128
0.816	1.129
0.816	1.131
0.816	1.132
0.818	1.133
0.818	1.135
0.818	1.136
0.821	1.137
0.821	1.139
0.821	1.140
0.821	1.142
0.823	1.143
0.823	1.144
0.823	1.146
0.823	1.147
0.826	1.149
0.826	1.150
0.826	1.151
0.828	1.153
0.828	1.154
0.828	1.155
0.828	1.157
0.830	1.158
0.830	1.160
0.830	1.161
0.830	1.162
0.833	1.164
0.833	1.165
0.833	1.167
0.835	1.168
0.835	1.169
0.835	1.171
0.835	1.172
0.838	1.173
0.838	1.175
0.838	1.176
0.840	1.178
0.840	1.179
0.840	1.180
0.840	1.182
0.842	1.183
0.842	1.185
0.842	1.186
0.845	1.187
0.845	1.189
0.845	1.190
0.845	1.191
0.847	1.193
0.847	1.194
0.847	1.196
0.847	1.197
0.850	1.198
0.850	1.200
0.850	1.201
0.850	1.203
0.852	1.204
0.852	1.205
0.852	1.207
0.854	1.208
0.854	1.209
0.854	1.211
0.854	1.212
0.857	1.214
0.857	1.215
0.857	1.216
0.857	1.218
0.859	1.219
0.859	1.221
0.859	1.222
0.862	1.223
0.862	1.225
0.862	1.226
0.862	1.227
0.864	1.229
0.864	1.230
0.864	1.232
0.864	1.233
0.866	1.234
0.866	1.236
0.866	1.237
0.869	1.239
0.869	1.240
0.869	1.241
0.869	1.243
0.871	1.244
0.871	1.245
0.871	1.247
0.871	1.248
0.874	1.250
0.874	1.251
0.874	1.252
0.876	1.254
0.876	1.255
0.876	1.257
0.876	1.258
0.878	1.259
0.878	1.261
0.878	1.262
0.878	1.263
0.881	1.265
0.881	1.266
0.881	1.268
0.881	1.269
0.883	1.270
0.883	1.272
0.883	1.273
0.883	1.275
0.886	1.276
0.886	1.277
0.886	1.279
0.888	1.280
0.888	1.281
0.888	1.283
0.888	1.284
0.890	1.286
0.890	1.287
0.890	1.288
0.890	1.290
0.893	1.291
0.893	1.293
0.893	1.294
0.893	1.295
0.895	1.297
0.895	1.298
0.895	1.299
0.895	1.301
0.898	1.302
0.898	1.304
0.898	1.305
0.900	1.306
0.900	1.308
0.900	1.309
0.900	1.311
0.902	1.312
0.902	1.313
0.902	1.315
0.902	1.316
0.905	1.317
0.905	1.319
0.905	1.320
0.907	1.322
0.907	1.323
0.907	1.324
0.907	1.326
0.910	1.327
0.910	1.329
0.910	1.330
0.910	1.331
0.912	1.333
0.912	1.334
0.912	1.335
0.912	1.337
0.914	1.338
0.914	1.340
0.914	1.341
0.917	1.342
0.917	1.344
0.917	1.345
0.917	1.347
0.919	1.348
0.919	1.349
0.919	1.351
0.919	1.352
0.922	1.353
0.922	1.355
0.922	1.356
0.922	1.358
0.924	1.359
0.924	1.360
0.924	1.362
0.924	1.363
0.926	1.365
0.926	1.366
0.926	1.367
0.929	1.369
0.929	1.370
0.929	1.371
0.929	1.373
0.931	1.374
0.931	1.376
0.931	1.377
0.934	1.378
0.934	1.380
0.934	1.381
0.934	1.382
0.936	1.384
0.936	1.385
0.936	1.387
0.936	1.388
0.936	1.389
0.938	1.391
0.938	1.392
0.938	1.394
0.941	1.395
0.941	1.396
0.941	1.398
0.941	1.399
0.943	1.400
0.943	1.402
0.943	1.403
0.943	1.405
0.946	1.406
0.946	1.407
0.946	1.409
0.948	1.410
0.948	1.412
0.948	1.413
0.948	1.414
0.950	1.416
0.950	1.417
0.950	1.418
0.950	1.420
0.953	1.421
0.953	1.423
0.953	1.424
0.953	1.425
0.955	1.427
0.955	1.428
0.955	1.430
0.958	1.431
0.958	1.432
0.958	1.434
0.958	1.435
0.960	1.436
0.960	1.438
0.960	1.439
0.960	1.441
0.962	1.442
0.962	1.443
0.962	1.445
0.962	1.446
0.965	1.448
0.965	1.449
0.965	1.450
0.967	1.452
0.967	1.453
0.967	1.454
0.967	1.456
0.970	1.457
0.970	1.459
0.970	1.460
0.970	1.461
0.972	1.463
0.972	1.464
0.972	1.466
0.974	1.467
0.974	1.468
0.974	1.470
0.974	1.471
0.977	1.472
0.977	1.474
0.977	1.475
0.977	1.477
0.979	1.478
0.979	1.479
0.979	1.481
0.982	1.482
0.982	1.484
0.982	1.485
0.982	1.486
0.982	1.488
0.984	1.489
0.984	1.490
0.984	1.492
0.984	1.493
0.986	1.495
0.986	1.496
0.986	1.497
0.989	1.499
0.989	1.500
0.989	1.502
0.989	1.503
0.991	1.504
0.991	1.506
0.991	1.507
0.991	1.508
0.994	1.510
0.994	1.511
0.994	1.513
0.994	1.514
0.996	1.515
0.996	1.517
0.996	1.518
0.996	1.520
0.998	1.521
0.998	1.522
0.998	1.524
1.001	1.525
1.001	1.526
1.001	1.528
1.001	1.529
1.001	1.531
1.003	1.532
1.003	1.533
1.003	1.535
1.003	1.536
1.006	1.538
1.006	1.539
1.006	1.540
1.008	1.542
1.008	1.543
1.008	1.544
1.008	1.546
1.010	1.547
1.010	1.549
1.010	1.550
1.010	1.551
1.013	1.553
1.013	1.554
1.013	1.556
1.015	1.557
1.015	1.558
1.015	1.560
1.015	1.561
1.018	1.562
1.018	1.564
1.018	1.565
1.018	1.567
1.020	1.568
1.020	1.569
1.020	1.571
1.022	1.572
1.022	1.574
1.022	1.575
1.022	1.576
1.025	1.578
1.025	1.579
1.025	1.580
1.025	1.582
1.027	1.583
1.027	1.585
1.027	1.586
1.030	1.587
1.030	1.589
1.030	1.590
1.030	1.592
1.032	1.593
1.032	1.594
1.032	1.596
1.032	1.597
1.034	1.598
1.034	1.600
1.034	1.601
1.034	1.603
1.037	1.604
1.037	1.605
1.037	1.607
1.037	1.608
1.039	1.610
1.039	1.611
1.039	1.612
1.039	1.614
1.042	1.615
1.042	1.616
1.042	1.618
1.044	1.619
1.044	1.621
1.044	1.622
1.044	1.623
1.046	1.625
1.046	1.626
1.046	1.628
1.046	1.629
1.049	1.630
1.049	1.632
1.049	1.633
1.049	1.634
1.051	1.636
1.051	1.637
1.051	1.639
1.054	1.640
1.054	1.641
1.054	1.643
1.054	1.644
1.054	1.646
1.056	1.647
1.056	1.648
1.056	1.650
1.056	1.651
1.058	1.652
1.058	1.654
1.058	1.655
1.061	1.657
1.061	1.658
1.061	1.659
1.061	1.661
1.063	1.662
1.063	1.664
1.063	1.665
1.063	1.666
1.066	1.668
1.066	1.669
1.066	1.670
1.066	1.672
1.068	1.673
1.068	1.675
1.068	1.676
1.068	1.677
1.070	1.679
1.070	1.680
1.070	1.682
1.070	1.683
1.073	1.684
1.073	1.686
1.073	1.687
1.073	1.688
1.075	1.690
1.075	1.691
1.075	1.693
1.075	1.694
1.078	1.695
1.078	1.697
1.078	1.698
1.080	1.699
1.080	1.701
1.080	1.702
1.080	1.704
1.082	1.705
1.082	1.706
1.082	1.708
1.082	1.709
1.085	1.711
1.085	1.712
1.085	1.713
1.085	1.715
1.087	1.716
1.087	1.717
1.087	1.719
1.087	1.720
1.090	1.722
1.090	1.723
1.090	1.724
1.090	1.726
1.092	1.727
1.092	1.729
1.092	1.730
1.094	1.731
1.094	1.733
1.094	1.734
1.094	1.735
1.097	1.737
1.097	1.738
1.097	1.740
1.097	1.741
1.097	1.742
1.099	1.744
1.099	1.745
1.099	1.747
1.102	1.748
1.102	1.749
1.102	1.751
1.102	1.752
1.104	1.753
1.104	1.755
1.104	1.756
1.104	1.758
1.106	1.759
1.106	1.760
1.106	1.762
1.109	1.763
1.109	1.765
1.109	1.766
1.109	1.767
1.111	1.769
1.111	1.770
1.111	1.771
1.111	1.773
1.114	1.774
1.114	1.776
1.114	1.777
1.114	1.778
1.116	1.780
1.116	1.781
1.116	1.783
1.116	1.784
1.118	1.785
1.118	1.787
1.118	1.788
1.118	1.789
1.121	1.791
1.121	1.792
1.121	1.794
1.123	1.795
1.123	1.796
1.123	1.798
1.123	1.799
1.126	1.801
1.126	1.802
1.126	1.803
1.126	1.805
1.128	1.806
1.128	1.807
1.128	1.809
1.128	1.810
1.130	1.812
1.130	1.813
1.130	1.814
1.130	1.816
1.133	1.817
1.133	1.819
1.133	1.820
1.133	1.821
1.135	1.823
1.135	1.824
1.135	1.825
1.135	1.827
1.138	1.828
1.138	1.830
1.138	1.831
1.140	1.832
1.140	1.834
1.140	1.835
1.140	1.837
1.142	1.838
1.142	1.839
1.142	1.841
1.142	1.842
1.145	1.843
1.145	1.845
1.145	1.846
1.145	1.848
1.147	1.849
1.147	1.850
1.147	1.852
1.150	1.853
1.150	1.855
1.150	1.856
1.150	1.857
1.150	1.859
1.152	1.860
1.152	1.861
1.152	1.863
1.154	1.864
1.154	1.866
1.154	1.867
1.154	1.868
1.157	1.870
1.157	1.871
1.157	1.873
1.157	1.874
1.159	1.875
1.159	1.877
1.159	1.878
1.162	1.879
1.162	1.881
1.162	1.882
1.162	1.884
1.164	1.885
1.164	1.886
1.164	1.888
1.164	1.889
1.166	1.891
1.166	1.892
1.166	1.893
1.166	1.895
1.169	1.896
1.169	1.897
1.169	1.899
1.169	1.900
1.171	1.902
1.171	1.903
1.171	1.904
1.174	1.906
1.174	1.907
1.174	1.909
1.174	1.910
1.176	1.911
1.176	1.913
1.176	1.914
1.176	1.915
1.178	1.917
1.178	1.918
1.178	1.920
1.178	1.921
1.181	1.922
1.181	1.924
1.181	1.925
1.181	1.927
1.183	1.928
1.183	1.929
1.183	1.931
1.186	1.932
1.186	1.933
1.186	1.935
1.186	1.936
1.188	1.938
1.188	1.939
1.188	1.940
1.188	1.942
1.190	1.943
1.190	1.945
1.190	1.946
1.190	1.947
1.193	1.949
1.193	1.950
1.193	1.951
1.195	1.953
1.195	1.954
1.195	1.956
1.195	1.957
1.198	1.958
1.198	1.960
1.198	1.961
1.198	1.963
1.200	1.964
1.200	1.965
1.200	1.967
1.200	1.968
1.202	1.969
1.202	1.971
1.202	1.972
1.202	1.974
1.205	1.975
1.205	1.976
1.205	1.978
1.205	1.979
1.207	1.981
1.207	1.982
1.207	1.983
1.210	1.985
1.210	1.986
1.210	1.987
1.210	1.989
1.212	1.990
1.212	1.992
1.212	1.993
1.212	1.994
1.214	1.996
1.214	1.997
1.214	1.998
1.214	2.000
1.217	2.001
1.217	2.003
1.217	2.004
1.217	2.005
1.217	2.007
1.219	2.008
1.219	2.010
1.219	2.011
1.222	2.012
1.222	2.014
1.222	2.015
1.222	2.016
1.224	2.018
1.224	2.019
1.224	2.021
1.224	2.022
1.226	2.023
1.226	2.025
1.226	2.026
1.229	2.028
1.229	2.029
1.229	2.030
1.229	2.032
1.231	2.033
1.231	2.034
1.231	2.036
1.231	2.037
1.234	2.039
1.234	2.040
1.234	2.041
1.234	2.043
1.236	2.044
1.236	2.046
1.236	2.047
1.236	2.048
1.238	2.050
1.238	2.051
1.238	2.052
1.241	2.054
1.241	2.055
1.241	2.057
1.241	2.058
1.243	2.059
1.243	2.061
1.243	2.062
1.243	2.064
1.246	2.065
1.246	2.066
1.246	2.068
1.246	2.069
1.248	2.070
1.248	2.072
1.248	2.073
1.248	2.075
1.250	2.076
1.250	2.077
1.250	2.079
1.250	2.080
1.253	2.082
1.253	2.083
1.253	2.084
1.255	2.086
1.255	2.087
1.255	2.088
1.255	2.090
1.258	2.091
1.258	2.093
1.258	2.094
1.258	2.095
1.260	2.097
1.260	2.098
1.260	2.100
1.260	2.101
1.262	2.102
1.262	2.104
1.262	2.105
1.265	2.106
1.265	2.108
1.265	2.109
1.265	2.111
1.267	2.112
1.267	2.113
1.267	2.115
1.267	2.116
1.270	2.118
1.270	2.119
1.270	2.120
1.272	2.122
1.272	2.123
1.272	2.124
1.272	2.126
1.274	2.127
1.274	2.129
1.274	2.130
1.274	2.131
1.277	2.133
1.277	2.134
1.277	2.136
1.277	2.137
1.279	2.138
1.279	2.140
1.279	2.141
1.282	2.142
1.282	2.144
1.282	2.145
1.282	2.147
1.284	2.148
1.284	2.149
1.284	2.151
1.286	2.152
1.286	2.154
1.286	2.155
1.286	2.156
1.289	2.158
1.289	2.159
1.289	2.160
1.289	2.162
1.291	2.163
1.291	2.165
1.291	2.166
1.291	2.167
1.294	2.169
1.294	2.170
1.294	2.172
1.296	2.173
1.296	2.174
1.296	2.176
1.296	2.177
1.298	2.178
1.298	2.180
1.298	2.181
1.298	2.183
1.301	2.184
1.301	2.185
1.301	2.187
1.301	2.188
1.303	2.190
1.303	2.191
1.303	2.192
1.303	2.194
1.306	2.195
1.306	2.196
1.306	2.198
1.308	2.199
1.308	2.201
1.308	2.202
1.308	2.203
1.310	2.205
1.310	2.206
1.310	2.208
1.310	2.209
1.313	2.210
1.313	2.212
1.313	2.213
1.315	2.214
1.315	2.216
1.315	2.217
1.315	2.219
1.318	2.220
1.318	2.221
1.318	2.223
1.318	2.224
1.320	2.226
1.320	2.227
1.320	2.228
1.320	2.230
1.322	2.231
1.322	2.232
1.322	2.234
1.325	2.235
1.325	2.237
1.325	2.238
1.325	2.239
1.327	2.241
1.327	2.242
1.327	2.244
1.327	2.245
1.330	2.246
1.330	2.248
1.330	2.249
1.330	2.250
1.332	2.252
1.332	2.253
1.332	2.255
1.334	2.256
1.334	2.257
1.334	2.259
1.334	2.260
1.337	2.262
1.337	2.263
1.337	2.264
1.337	2.266
1.339	2.267
1.339	2.268
1.339	2.270
1.339	2.271
1.342	2.273
1.342	2.274
1.342	2.275
1.342	2.277
1.344	2.278
1.344	2.280
1.344	2.281
1.346	2.282
1.346	2.284
1.346	2.285
1.349	2.286
1.349	2.288
1.349	2.289
1.349	2.291
1.349	2.292
1.351	2.293
1.351	2.295
1.351	2.296
1.354	2.298
1.354	2.299
1.354	2.300
1.354	2.302
1.356	2.303
1.356	2.304
1.356	2.306
1.358	2.307
1.358	2.309
1.358	2.310
1.358	2.311
1.361	2.313
1.361	2.314
1.361	2.315
1.361	2.317
1.363	2.318
1.363	2.320
1.363	2.321
1.363	2.322
1.366	2.324
1.366	2.325
1.366	2.327
1.368	2.328
1.368	2.329
1.368	2.331
1.368	2.332
1.370	2.333
1.370	2.335
1.370	2.336
1.370	2.338
1.373	2.339
1.373	2.340
1.373	2.342
1.375	2.343
1.375	2.345
1.375	2.346
1.375	2.347
1.378	2.349
1.378	2.350
1.378	2.351
1.380	2.353
1.380	2.354
1.380	2.356
1.380	2.357
1.382	2.358
1.382	2.360
1.382	2.361
1.382	2.363
1.385	2.364
1.385	2.365
1.385	2.367
1.387	2.368
1.387	2.369
1.387	2.371
1.387	2.372
1.390	2.374
1.390	2.375
1.390	2.376
1.390	2.378
1.392	2.379
1.392	2.381
1.392	2.382
1.394	2.383
1.394	2.385
1.394	2.386
1.394	2.387
1.397	2.389
1.397	2.390
1.397	2.392
1.397	2.393
1.399	2.394
1.399	2.396
1.399	2.397
1.402	2.399
1.402	2.400
1.402	2.401
1.402	2.403
1.404	2.404
1.404	2.405
1.404	2.407
1.404	2.408
1.406	2.410
1.406	2.411
1.406	2.412
1.409	2.414
1.409	2.415
1.409	2.417
1.409	2.418
1.411	2.419
1.411	2.421
1.411	2.422
1.414	2.423
1.414	2.425
1.414	2.426
1.414	2.428
1.416	2.429
1.416	2.430
1.416	2.432
1.418	2.433
1.418	2.435
1.418	2.436
1.421	2.437
1.421	2.439
1.421	2.440
1.421	2.441
1.423	2.443
1.423	2.444
1.423	2.446
1.423	2.447
1.426	2.448
1.426	2.450
1.426	2.451
1.426	2.453
1.428	2.454
1.428	2.455
1.428	2.457
1.430	2.458
1.430	2.459
1.430	2.461
1.430	2.462
1.433	2.464
1.433	2.465
1.433	2.466
1.435	2.468
1.435	2.469
1.435	2.471
1.435	2.472
1.438	2.473
1.438	2.475
1.438	2.476
1.438	2.477
1.440	2.479
1.440	2.480
1.440	2.482
1.442	2.483
1.442	2.484
1.442	2.486
1.442	2.487
1.445	2.489
1.445	2.490
1.445	2.491
1.447	2.493
1.447	2.494
1.447	2.495
1.447	2.497
1.450	2.498
1.450	2.500
1.450	2.501
1.452	2.502
1.452	2.504
1.452	2.505
1.454	2.507
1.454	2.508
1.454	2.509
1.454	2.511
1.457	2.512
1.457	2.513
1.457	2.515
1.457	2.516
1.459	2.518
1.459	2.519
1.459	2.520
1.462	2.522
1.462	2.523
1.462	2.525
1.464	2.526
1.464	2.527
1.464	2.529
1.464	2.530
1.466	2.531
1.466	2.533
1.466	2.534
1.466	2.536
1.469	2.537
1.469	2.538
1.469	2.540
1.471	2.541
1.471	2.543
1.471	2.544
1.471	2.545
1.474	2.547
1.474	2.548
1.474	2.549
1.476	2.551
1.476	2.552
1.476	2.554
1.476	2.555
1.478	2.556
1.478	2.558
1.478	2.559
1.481	2.561
1.481	2.562
1.481	2.563
1.483	2.565
1.483	2.566
1.483	2.567
1.483	2.569
1.483	2.570
1.486	2.572
1.486	2.573
1.486	2.574
1.488	2.576
1.488	2.577
1.488	2.579
1.490	2.580
1.490	2.581
1.490	2.583
1.490	2.584
1.493	2.585
1.493	2.587
1.493	2.588
1.495	2.590
1.495	2.591
1.495	2.592
1.495	2.594
1.498	2.595
1.498	2.597
1.498	2.598
1.498	2.599
1.500	2.601
1.500	2.602
1.500	2.603
1.502	2.605
1.502	2.606
1.502	2.608
1.505	2.609
1.505	2.610
1.505	2.612
1.505	2.613
1.507	2.615
1.507	2.616
1.507	2.617
1.510	2.619
1.510	2.620
1.510	2.621
1.510	2.623
1.512	2.624
1.512	2.626
1.512	2.627
1.514	2.628
1.514	2.630
1.514	2.631
1.514	2.632
1.517	2.634
1.517	2.635
1.517	2.637
1.519	2.638
1.519	2.639
1.519	2.641
1.522	2.642
1.522	2.644
1.522	2.645
1.522	2.646
1.524	2.648
1.524	2.649
1.524	2.650
1.524	2.652
1.526	2.653
1.526	2.655
1.526	2.656
1.529	2.657
1.529	2.659
1.529	2.660
1.529	2.662
1.531	2.663
1.531	2.664
1.531	2.666
1.534	2.667
1.534	2.668
1.534	2.670
1.536	2.671
1.536	2.673
1.536	2.674
1.536	2.675
1.538	2.677
1.538	2.678
1.538	2.680
1.541	2.681
1.541	2.682
1.541	2.684
1.541	2.685
1.543	2.686
1.543	2.688
1.543	2.689
1.546	2.691
1.546	2.692
1.546	2.693
1.546	2.695
1.548	2.696
1.548	2.698
1.548	2.699
1.548	2.700
1.550	2.702
1.550	2.703
1.550	2.704
1.553	2.706
1.553	2.707
1.553	2.709
1.555	2.710
1.555	2.711
1.555	2.713
1.555	2.714
1.558	2.716
1.558	2.717
1.558	2.718
1.560	2.720
1.560	2.721
1.560	2.722
1.562	2.724
1.562	2.725
1.562	2.727
1.565	2.728
1.565	2.729
1.565	2.731
1.565	2.732
1.567	2.734
1.567	2.735
1.567	2.736
1.570	2.738
1.570	2.739
1.570	2.740
1.570	2.742
1.572	2.743
1.572	2.745
1.574	2.746
1.574	2.747
1.574	2.749
1.574	2.750
1.577	2.752
1.577	2.753
1.577	2.754
1.579	2.756
1.579	2.757
1.579	2.758
1.579	2.760
1.582	2.761
1.582	2.763
1.582	2.764
1.584	2.765
1.584	2.767
1.584	2.768
1.584	2.770
1.586	2.771
1.586	2.772
1.586	2.774
1.589	2.775
1.589	2.776
1.589	2.778
1.591	2.779
1.591	2.781
1.591	2.782
1.594	2.783
1.594	2.785
1.594	2.786
1.594	2.788
1.596	2.789
1.596	2.790
1.596	2.792
1.598	2.793
1.598	2.794
1.598	2.796
1.601	2.797
1.601	2.799
1.601	2.800
1.601	2.801
1.603	2.803
1.603	2.804
1.603	2.806
1.606	2.807
1.606	2.808
1.606	2.810
1.608	2.811
1.608	2.812
1.608	2.814
1.608	2.815
1.610	2.817
1.610	2.818
1.610	2.819
1.613	2.821
1.613	2.822
1.613	2.824
1.615	2.825
1.615	2.826
1.615	2.828
1.615	2.829
1.618	2.830
1.618	2.832
1.618	2.833
1.620	2.835
1.620	2.836
1.620	2.837
1.622	2.839
1.622	2.840
1.622	2.842
1.622	2.843
1.625	2.844
1.625	2.846
1.625	2.847
1.627	2.848
1.627	2.850
1.627	2.851
1.630	2.853
1.630	2.854
1.630	2.855
1.632	2.857
1.632	2.858
1.632	2.860
1.634	2.861
1.634	2.862
1.634	2.864
1.634	2.865
1.637	2.866
1.637	2.868
1.637	2.869
1.639	2.871
1.639	2.872
1.639	2.873
1.642	2.875
1.642	2.876
1.642	2.878
1.644	2.879
1.644	2.880
1.644	2.882
1.644	2.883
1.646	2.884
1.646	2.886
1.646	2.887
1.649	2.889
1.649	2.890
1.649	2.891
1.651	2.893
1.651	2.894
1.651	2.896
1.654	2.897
1.654	2.898
1.654	2.900
1.656	2.901
1.656	2.902
1.656	2.904
1.658	2.905
1.658	2.907
1.658	2.908
1.661	2.909
1.661	2.911
1.661	2.912
1.661	2.914
1.663	2.915
1.663	2.916
1.663	2.918
1.666	2.919
1.666	2.920
1.666	2.922
1.668	2.923
1.668	2.925
1.668	2.926
1.670	2.927
1.670	2.929
1.670	2.930
1.673	2.932
1.673	2.933
1.673	2.934
1.675	2.936
1.675	2.937
1.675	2.938
1.678	2.940
1.678	2.941
1.678	2.943
1.678	2.944
1.680	2.945
1.680	2.947
1.682	2.948
1.682	2.949
1.682	2.951
1.682	2.952
1.685	2.954
1.685	2.955
1.685	2.956
1.687	2.958
1.687	2.959
1.687	2.961
1.690	2.962
1.690	2.963
1.690	2.965
1.692	2.966
1.692	2.967
1.692	2.969
1.692	2.970
1.694	2.972
1.694	2.973
1.694	2.974
1.697	2.976
1.697	2.977
1.697	2.979
1.699	2.980
1.699	2.981
1.699	2.983
1.702	2.984
1.702	2.985
1.702	2.987
1.704	2.988
1.704	2.990
1.704	2.991
1.706	2.992
1.706	2.994
1.706	2.995
1.709	2.997
1.709	2.998
1.709	2.999
1.711	3.001
1.711	3.002
1.711	3.003
1.714	3.005
1.714	3.006
1.714	3.008
1.716	3.009
1.716	3.010
1.716	3.012
1.716	3.013
1.718	3.015
1.718	3.016
1.721	3.017
1.721	3.019
1.721	3.020
1.721	3.021
1.723	3.023
1.723	3.024
1.723	3.026
1.726	3.027
1.726	3.028
1.726	3.030
1.728	3.031
1.728	3.033
1.728	3.034
1.730	3.035
1.730	3.037
1.730	3.038
1.733	3.039
1.733	3.041
1.733	3.042
1.735	3.044
1.735	3.045
1.735	3.046
1.738	3.048
1.738	3.049
1.738	3.051
1.740	3.052
1.740	3.053
1.740	3.055
1.742	3.056
1.742	3.057
1.742	3.059
1.745	3.060
1.745	3.062
1.745	3.063
1.747	3.064
1.747	3.066
1.747	3.067
1.750	3.069
1.750	3.070
1.750	3.071
1.750	3.073
1.752	3.074
1.752	3.075
1.752	3.077
1.754	3.078
1.754	3.080
1.754	3.081
1.757	3.082
1.757	3.084
1.759	3.085
1.759	3.087
1.759	3.088
1.762	3.089
1.762	3.091
1.762	3.092
1.764	3.093
1.764	3.095
1.764	3.096
1.764	3.098
1.766	3.099
1.766	3.100
1.769	3.102
1.769	3.103
1.769	3.105
1.771	3.106
1.771	3.107
1.771	3.109
1.774	3.110
1.774	3.111
1.774	3.113
1.776	3.114
1.776	3.116
1.776	3.117
1.778	3.118
1.778	3.120
1.781	3.121
1.781	3.123
1.781	3.124
1.781	3.125
1.783	3.127
1.783	3.128
1.783	3.129
1.786	3.131
1.786	3.132
1.788	3.134
1.788	3.135
1.788	3.136
1.790	3.138
1.790	3.139
1.790	3.141
1.790	3.142
1.793	3.143
1.793	3.145
1.795	3.146
1.795	3.147
1.795	3.149
1.798	3.150
1.798	3.152
1.798	3.153
1.800	3.154
1.800	3.156
1.800	3.157
1.802	3.159
1.802	3.160
1.802	3.161
1.805	3.163
1.805	3.164
1.805	3.165
1.807	3.167
1.807	3.168
1.807	3.170
1.810	3.171
1.810	3.172
1.810	3.174
1.812	3.175
1.812	3.177
1.812	3.178
1.814	3.179
1.814	3.181
1.817	3.182
1.817	3.183
1.817	3.185
1.819	3.186
1.819	3.188
1.819	3.189
1.822	3.190
1.822	3.192
1.822	3.193
1.824	3.195
1.824	3.196
1.824	3.197
1.826	3.199
1.826	3.200
1.826	3.201
1.829	3.203
1.829	3.204
1.829	3.206
1.831	3.207
1.831	3.208
1.834	3.210
1.834	3.211
1.834	3.213
1.836	3.214
1.836	3.215
1.836	3.217
1.838	3.218
1.838	3.219
1.838	3.221
1.841	3.222
1.841	3.224
1.841	3.225
1.843	3.226
1.843	3.228
1.843	3.229
1.846	3.231
1.846	3.232
1.848	3.233
1.848	3.235
1.848	3.236
1.850	3.237
1.850	3.239
1.850	3.240
1.853	3.242
1.853	3.243
1.853	3.244
1.855	3.246
1.855	3.247
1.855	3.248
1.858	3.250
1.858	3.251
1.860	3.253
1.860	3.254
1.860	3.255
1.862	3.257
1.862	3.258
1.862	3.260
1.865	3.261
1.865	3.262
1.865	3.264
1.867	3.265
1.867	3.266
1.867	3.268
1.870	3.269
1.870	3.271
1.872	3.272
1.872	3.273
1.872	3.275
1.874	3.276
1.874	3.278
1.874	3.279
1.877	3.280
1.877	3.282
1.877	3.283
1.879	3.284
1.879	3.286
1.882	3.287
1.882	3.289
1.882	3.290
1.884	3.291
1.884	3.293
1.884	3.294
1.886	3.296
1.886	3.297
1.886	3.298
1.889	3.300
1.889	3.301
1.891	3.302
1.891	3.304
1.891	3.305
1.894	3.307
1.894	3.308
1.894	3.309
1.896	3.311
1.896	3.312
1.896	3.314
1.898	3.315
1.898	3.316
1.901	3.318
1.901	3.319
1.901	3.320
1.903	3.322
1.903	3.323
1.903	3.325
1.906	3.326
1.906	3.327
1.908	3.329
1.908	3.330
1.908	3.332
1.910	3.333
1.910	3.334
1.910	3.336
1.913	3.337
1.913	3.338
1.915	3.340
1.915	3.341
1.915	3.343
1.918	3.344
1.918	3.345
1.920	3.347
1.920	3.348
1.920	3.350
1.922	3.351
1.922	3.352
1.925	3.354
1.925	3.355
1.927	3.356
1.927	3.358
1.927	3.359
1.930	3.361
1.930	3.362
1.930	3.363
1.932	3.365
1.932	3.366
1.932	3.368
1.934	3.369
1.934	3.370
1.934	3.372
1.937	3.373
1.937	3.374
1.939	3.376
1.939	3.377
1.942	3.379
1.942	3.380
1.942	3.381
1.944	3.383
1.944	3.384
1.944	3.386
1.946	3.387
1.946	3.388
1.949	3.390
1.949	3.391
1.949	3.392
1.951	3.394
1.951	3.395
1.954	3.397
1.954	3.398
1.954	3.399
1.956	3.401
1.956	3.402
1.956	3.404
1.958	3.405
1.958	3.406
1.961	3.408
1.961	3.409
1.961	3.410
1.963	3.412
1.963	3.413
1.966	3.415
1.966	3.416
1.966	3.417
1.968	3.419
1.968	3.420
1.970	3.422
1.970	3.423
1.970	3.424
1.973	3.426
1.973	3.427
1.973	3.428
1.975	3.430
1.975	3.431
1.978	3.433
1.978	3.434
1.978	3.435
1.980	3.437
1.980	3.438
1.982	3.440
1.982	3.441
1.982	3.442
1.985	3.444
1.985	3.445
1.987	3.446
1.987	3.448
1.987	3.449
1.990	3.451
1.990	3.452
1.992	3.453
1.992	3.455
1.992	3.456
1.994	3.458
1.994	3.459
1.997	3.460
1.997	3.462
1.997	3.463
1.999	3.464
1.999	3.466
2.002	3.467
2.002	3.469
2.002	3.470
2.004	3.471
2.004	3.473
2.004	3.474
2.006	3.476
2.006	3.477
2.009	3.478
2.009	3.480
2.011	3.481
2.011	3.482
2.011	3.484
2.014	3.485
2.014	3.487
2.016	3.488
2.016	3.489
2.016	3.491
2.018	3.492
2.018	3.494
2.021	3.495
2.021	3.496
2.021	3.498
2.023	3.499
2.023	3.500
2.026	3.502
2.026	3.503
2.028	3.505
2.028	3.506
2.028	3.507
2.030	3.509
2.030	3.510
2.030	3.512
2.033	3.513
2.033	3.514
2.035	3.516
2.035	3.517
2.038	3.518
2.038	3.520
2.038	3.521
2.040	3.523
2.040	3.524
2.042	3.525
2.042	3.527
2.042	3.528
2.045	3.530
2.045	3.531
2.047	3.532
2.047	3.534
2.047	3.535
2.050	3.536
2.050	3.538
2.052	3.539
2.052	3.541
2.054	3.542
2.054	3.543
2.054	3.545
2.057	3.546
2.057	3.548
2.059	3.549
2.059	3.550
2.059	3.552
2.062	3.553
2.062	3.554
2.064	3.556
2.064	3.557
2.066	3.559
2.066	3.560
2.069	3.561
2.069	3.563
2.071	3.564
2.071	3.565
2.071	3.567
2.074	3.568
2.074	3.570
2.076	3.571
2.076	3.572
2.076	3.574
2.078	3.575
2.078	3.577
2.081	3.578
2.081	3.579
2.083	3.581
2.083	3.582
2.083	3.583
2.086	3.585
2.088	3.586
2.088	3.588
2.088	3.589
2.090	3.590
2.090	3.592
2.090	3.593
2.093	3.595
2.095	3.596
2.095	3.597
2.095	3.599
2.098	3.600
2.098	3.601
2.100	3.603
2.100	3.604
2.102	3.606
2.102	3.607
2.102	3.608
2.105	3.610
2.105	3.611
2.107	3.613
2.107	3.614
2.110	3.615
2.110	3.617
2.110	3.618
2.112	3.619
2.112	3.621
2.114	3.622
2.114	3.624
2.117	3.625
2.117	3.626
2.119	3.628
2.119	3.629
2.122	3.631
2.122	3.632
2.122	3.633
2.124	3.635
2.124	3.636
2.126	3.637
2.126	3.639
2.129	3.640
2.129	3.642
2.131	3.643
2.131	3.644
2.134	3.646
2.134	3.647
2.134	3.649
2.136	3.650
2.136	3.651
2.138	3.653
2.138	3.654
2.138	3.655
2.141	3.657
2.143	3.658
2.143	3.660
2.143	3.661
2.146	3.662
2.146	3.664
2.148	3.665
2.148	3.667
2.150	3.668
2.150	3.669
2.153	3.671
2.153	3.672
2.153	3.673
2.155	3.675
2.155	3.676
2.158	3.678
2.158	3.679
2.160	3.680
2.160	3.682
2.162	3.683
2.162	3.685
2.165	3.686
2.165	3.687
2.167	3.689
2.167	3.690
2.167	3.691
2.170	3.693
2.170	3.694
2.172	3.696
2.172	3.697
2.174	3.698
2.174	3.700
2.177	3.701
2.177	3.703
2.179	3.704
2.179	3.705
2.182	3.707
2.182	3.708
2.184	3.709
2.184	3.711
2.186	3.712
2.186	3.714
2.189	3.715
2.189	3.716
2.189	3.718
2.191	3.719
2.191	3.721
2.194	3.722
2.194	3.723
2.196	3.725
2.196	3.726
2.198	3.727
2.198	3.729
2.201	3.730
2.201	3.732
2.203	3.733
2.203	3.734
2.206	3.736
2.206	3.737
2.208	3.739
2.208	3.740
2.208	3.741
2.210	3.743
2.210	3.744
2.213	3.745
2.213	3.747
2.215	3.748
2.215	3.750
2.218	3.751
2.220	3.752
2.220	3.754
2.220	3.755
2.222	3.757
2.222	3.758
2.225	3.759
2.225	3.761
2.227	3.762
2.227	3.763
2.230	3.765
2.230	3.766
2.232	3.768
2.232	3.769
2.234	3.770
2.234	3.772
2.237	3.773
2.237	3.775
2.239	3.776
2.239	3.777
2.242	3.779
2.242	3.780
2.244	3.781
2.244	3.783
2.246	3.784
2.246	3.786
2.249	3.787
2.249	3.788
2.251	3.790
2.251	3.791
2.254	3.793
2.254	3.794
2.256	3.795
2.256	3.797
2.258	3.798
2.258	3.799
2.261	3.801
2.261	3.802
2.263	3.804
2.263	3.805
2.266	3.806
2.266	3.808
2.268	3.809
2.268	3.811
2.270	3.812
2.270	3.813
2.273	3.815
2.273	3.816
2.275	3.817
2.275	3.819
2.278	3.820
2.278	3.822
2.280	3.823
2.280	3.824
2.282	3.826
2.282	3.827
2.285	3.829
2.285	3.830
2.287	3.831
2.287	3.833
2.290	3.834
2.290	3.835
2.292	3.837
2.294	3.838
2.294	3.840
2.294	3.841
2.297	3.842
2.297	3.844
2.299	3.845
2.302	3.847
2.302	3.848
2.302	3.849
2.304	3.851
2.304	3.852
2.306	3.853
2.306	3.855
2.309	3.856
2.309	3.858
2.311	3.859
2.311	3.860
2.314	3.862
2.316	3.863
2.316	3.865
2.318	3.866
2.318	3.867
2.321	3.869
2.321	3.870
2.323	3.871
2.323	3.873
2.326	3.874
2.326	3.876
2.328	3.877
2.328	3.878
2.330	3.880
2.330	3.881
2.333	3.882
2.335	3.884
2.335	3.885
2.338	3.887
2.338	3.888
2.340	3.889
2.340	3.891
2.342	3.892
2.342	3.894
2.345	3.895
2.345	3.896
2.347	3.898
2.350	3.899
2.350	3.900
2.352	3.902
2.352	3.903
2.354	3.905
2.354	3.906
2.357	3.907
2.357	3.909
2.359	3.910
2.359	3.912
2.362	3.913
2.364	3.914
2.364	3.916
2.366	3.917
2.366	3.918
2.369	3.920
2.369	3.921
2.371	3.923
2.371	3.924
2.374	3.925
2.374	3.927
2.376	3.928
2.378	3.930
2.378	3.931
2.381	3.932
2.381	3.934
2.383	3.935
2.383	3.936
2.386	3.938
2.388	3.939
2.388	3.941
2.390	3.942
2.390	3.943
2.393	3.945
2.395	3.946
2.395	3.948
2.398	3.949
2.400	3.950
2.400	3.952
2.402	3.953
2.402	3.954
2.405	3.956
2.405	3.957
2.407	3.959
2.407	3.960
2.410	3.961
2.412	3.963
2.412	3.964
2.414	3.966
2.414	3.967
2.417	3.968
2.417	3.970
2.419	3.971
2.422	3.972
2.422	3.974
2.424	3.975
2.424	3.977
2.426	3.978
2.429	3.979
2.429	3.981
2.429	3.982
2.431	3.984
2.431	3.985
2.434	3.986
2.436	3.988
2.436	3.989
2.438	3.990
2.438	3.992
2.441	3.993
2.443	3.995
2.443	3.996
2.446	3.997
2.446	3.999
2.448	4.000
2.450	4.002
2.450	4.003
2.453	4.004
2.453	4.006
2.455	4.007
2.458	4.008
2.458	4.010
2.460	4.011
2.460	4.013
2.462	4.014
2.465	4.015
2.465	4.017
2.467	4.018
2.470	4.020
2.470	4.021
2.472	4.022
2.472	4.024
2.474	4.025
2.474	4.026
2.477	4.028
2.479	4.029
2.479	4.031
2.482	4.032
2.484	4.033
2.484	4.035
2.486	4.036
2.486	4.038
2.489	4.039
2.491	4.040
2.491	4.042
2.494	4.043
2.494	4.044
2.496	4.046
2.498	4.047
2.498	4.049
2.501	4.050
2.503	4.051
2.503	4.053
2.506	4.054
2.508	4.056
2.508	4.057
2.510	4.058
2.510	4.060
2.513	4.061
2.515	4.062
2.515	4.064
2.518	4.065
2.518	4.067
2.520	4.068
2.522	4.069
2.525	4.071
2.527	4.072
2.527	4.074
2.530	4.075
2.530	4.076
2.532	4.078
2.534	4.079
2.534	4.080
2.537	4.082
2.539	4.083
2.542	4.085
2.542	4.086
2.544	4.087
2.544	4.089
2.546	4.090
2.549	4.092
2.549	4.093
2.551	4.094
2.554	4.096
2.554	4.097
2.556	4.098
2.558	4.100
2.558	4.101
2.561	4.103
2.563	4.104
2.563	4.105
2.566	4.107
2.568	4.108
2.568	4.110
2.570	4.111
2.573	4.112
2.573	4.114
2.575	4.115
2.578	4.116
2.578	4.118
2.580	4.119
2.582	4.121
2.582	4.122
2.585	4.123
2.587	4.125
2.590	4.126
2.590	4.128
2.592	4.129
2.594	4.130
2.594	4.132
2.597	4.133
2.599	4.134
2.599	4.136
2.602	4.137
2.604	4.139
2.604	4.140
2.606	4.141
2.609	4.143
2.609	4.144
2.611	4.146
2.614	4.147
2.616	4.148
2.616	4.150
2.618	4.151
2.621	4.152
2.621	4.154
2.623	4.155
2.626	4.157
2.626	4.158
2.628	4.159
2.630	4.161
2.633	4.162
2.633	4.164
2.635	4.165
2.638	4.166
2.638	4.168
2.640	4.169
2.642	4.170
2.645	4.172
2.645	4.173
2.647	4.175
2.647	4.176
2.650	4.177
2.652	4.179
2.654	4.180
2.657	4.182
2.657	4.183
2.659	4.184
2.662	4.186
2.662	4.187
2.664	4.188
2.666	4.190
2.666	4.191
2.669	4.193
2.671	4.194
2.674	4.195
2.676	4.197
2.676	4.198
2.678	4.199
2.681	4.201
2.683	4.202
2.683	4.204
2.686	4.205
2.688	4.206
2.688	4.208
2.690	4.209
2.693	4.211
2.695	4.212
2.698	4.213
2.698	4.215
2.700	4.216
2.702	4.217
2.705	4.219
2.707	4.220
2.710	4.222
2.712	4.223
2.712	4.224
2.714	4.226
2.717	4.227
2.717	4.229
2.719	4.230
2.722	4.231
2.724	4.233
2.724	4.234
2.726	4.235
2.729	4.237
2.729	4.238
2.731	4.240
2.734	4.241
2.736	4.242
2.736	4.244
2.738	4.245
2.741	4.247
2.743	4.248
2.746	4.249
2.746	4.251
2.748	4.252
2.750	4.253
2.753	4.255
2.755	4.256
2.755	4.258
2.758	4.259
2.760	4.260
2.762	4.262
2.765	4.263
2.767	4.265
2.767	4.266
2.770	4.267
2.774	4.269
2.777	4.270
2.777	4.271
2.779	4.273
2.782	4.274
2.784	4.276
2.784	4.277
2.786	4.278
2.789	4.280
2.791	4.281
2.794	4.283
2.796	4.284
2.798	4.285
2.801	4.287
2.801	4.288
2.803	4.289
2.806	4.291
2.808	4.292
2.810	4.294
2.813	4.295
2.813	4.296
2.815	4.298
2.818	4.299
2.820	4.301
2.822	4.302
2.825	4.303
2.827	4.305
2.830	4.306
2.830	4.307
2.834	4.309
2.834	4.310
2.837	4.312
2.839	4.313
2.842	4.314
2.844	4.316
2.846	4.317
2.849	4.319
2.849	4.320
2.851	4.321
2.854	4.323
2.856	4.324
2.858	4.325
2.861	4.327
2.861	4.328
2.866	4.330
2.866	4.331
2.868	4.332
2.870	4.334
2.873	4.335
2.875	4.337
2.878	4.338
2.880	4.339
2.880	4.341
2.882	4.342
2.885	4.343
2.887	4.345
2.890	4.346
2.892	4.348
2.894	4.349
2.894	4.350
2.897	4.352
2.902	4.353
2.902	4.355
2.904	4.356
2.906	4.357
2.911	4.359
2.914	4.360
2.916	4.361
2.918	4.363
2.921	4.364
2.923	4.366
2.926	4.367
2.928	4.368
2.930	4.370
2.930	4.371
2.933	4.373
2.938	4.374
2.938	4.375
2.942	4.377
2.942	4.378
2.945	4.379
2.947	4.381
2.950	4.382
2.952	4.384
2.954	4.385
2.957	4.386
2.959	4.388
2.962	4.389
2.964	4.391
2.966	4.392
2.969	4.393
2.971	4.395
2.974	4.396
2.976	4.397
2.978	4.399
2.981	4.400
2.983	4.402
2.986	4.403
2.988	4.404
2.990	4.406
2.993	4.407
2.995	4.409
2.998	4.410
3.000	4.411
3.002	4.413
3.005	4.414
3.007	4.415
3.010	4.417
3.012	4.418
3.014	4.420
3.017	4.421
3.019	4.422
3.022	4.424
3.026	4.425
3.029	4.427
3.031	4.428
3.034	4.429
3.036	4.431
3.038	4.432
3.041	4.433
3.043	4.435
3.048	4.436
3.048	4.438
3.053	4.439
3.055	4.440
3.058	4.442
3.060	4.443
3.062	4.445
3.065	4.446
3.067	4.447
3.070	4.449
3.072	4.450
3.077	4.451
3.077	4.453
3.082	4.454
3.084	4.456
3.086	4.457
3.089	4.458
3.091	4.460
3.094	4.461
3.096	4.463
3.098	4.464
3.101	4.465
3.103	4.467
3.108	4.468
3.110	4.469
3.113	4.471
3.115	4.472
3.118	4.474
3.122	4.475
3.125	4.476
3.127	4.478
3.130	4.479
3.132	4.481
3.134	4.482
3.137	4.483
3.139	4.485
3.142	4.486
3.144	4.487
3.149	4.489
3.151	4.490
3.154	4.492
3.156	4.493
3.158	4.494
3.161	4.496
3.166	4.497
3.168	4.498
3.170	4.500
3.175	4.501
3.175	4.503
3.180	4.504
3.182	4.505
3.185	4.507
3.190	4.508
3.192	4.510
3.194	4.511
3.197	4.512
3.199	4.514
3.202	4.515
3.206	4.516
3.209	4.518
3.211	4.519
3.216	4.521
3.218	4.522
3.221	4.523
3.226	4.525
3.228	4.526
3.230	4.528
3.233	4.529
3.238	4.530
3.240	4.532
3.245	4.533
3.247	4.534
3.250	4.536
3.252	4.537
3.257	4.539
3.259	4.540
3.264	4.541
3.266	4.543
3.269	4.544
3.274	4.546
3.276	4.547
3.278	4.548
3.281	4.550
3.286	4.551
3.288	4.552
3.293	4.554
3.293	4.555
3.298	4.557
3.300	4.558
3.305	4.559
3.307	4.561
3.310	4.562
3.314	4.564
3.317	4.565
3.319	4.566
3.322	4.568
3.326	4.569
3.329	4.570
3.334	4.572
3.336	4.573
3.341	4.575
3.343	4.576
3.346	4.577
3.350	4.579
3.353	4.580
3.358	4.582
3.360	4.583
3.362	4.584
3.367	4.586
3.370	4.587
3.374	4.588
3.377	4.590
3.382	4.591
3.384	4.593
3.389	4.594
3.391	4.595
3.394	4.597
3.398	4.598
3.401	4.600
3.406	4.601
3.408	4.602
3.413	4.604
3.415	4.605
3.420	4.606
3.425	4.608
3.427	4.609
3.432	4.611
3.434	4.612
3.439	4.613
3.442	4.615
3.446	4.616
3.451	4.618
3.454	4.619
3.456	4.620
3.463	4.622
3.466	4.623
3.468	4.624
3.473	4.626
3.475	4.627
3.480	4.629
3.482	4.630
3.487	4.631
3.490	4.633
3.494	4.634
3.499	4.636
3.504	4.637
3.506	4.638
3.509	4.640
3.514	4.641
3.518	4.642
3.521	4.644
3.526	4.645
3.528	4.647
3.533	4.648
3.538	4.649
3.542	4.651
3.545	4.652
3.550	4.654
3.552	4.655
3.557	4.656
3.559	4.658
3.564	4.659
3.569	4.660
3.574	4.662
3.578	4.663
3.581	4.665
3.583	4.666
3.590	4.667
3.593	4.669
3.598	4.670
3.602	4.672
3.605	4.673
3.610	4.674
3.614	4.676
3.617	4.677
3.622	4.678
3.624	4.680
3.629	4.681
3.634	4.683
3.638	4.684
3.641	4.685
3.646	4.687
3.650	4.688
3.653	4.690
3.658	4.691
3.662	4.692
3.667	4.694
3.670	4.695
3.677	4.696
3.682	4.698
3.684	4.699
3.689	4.701
3.694	4.702
3.698	4.703
3.701	4.705
3.706	4.706
3.710	4.708
3.715	4.709
3.720	4.710
3.722	4.712
3.730	4.713
3.734	4.714
3.739	4.716
3.744	4.717
3.746	4.719
3.754	4.720
3.758	4.721
3.763	4.723
3.768	4.724
3.770	4.726
3.778	4.727
3.780	4.728
3.785	4.730
3.790	4.731
3.794	4.732
3.799	4.734
3.802	4.735
3.809	4.737
3.814	4.738
3.816	4.739
3.821	4.741
3.826	4.742
3.828	4.744
3.835	4.745
3.840	4.746
3.845	4.748
3.850	4.749
3.852	4.750
3.857	4.752
3.862	4.753
3.869	4.755
3.874	4.756
3.881	4.757
3.883	4.759
3.890	4.760
3.895	4.762
3.900	4.763
3.905	4.764
3.910	4.766
3.914	4.767
3.919	4.768
3.924	4.770
3.929	4.771
3.934	4.773
3.938	4.774
3.943	4.775
3.948	4.777
3.953	4.778
3.958	4.780
3.962	4.781
3.967	4.782
3.972	4.784
3.977	4.785
3.982	4.786
3.984	4.788
3.989	4.789
3.996	4.791
4.001	4.792
4.006	4.793
4.010	4.795
4.015	4.796
4.020	4.798
4.022	4.796
4.025	4.798
4.032	4.799
4.034	4.800
4.039	4.802
4.044	4.803
4.051	4.804
4.054	4.806
4.061	4.807
4.066	4.809
4.068	4.810
4.073	4.811
4.078	4.813
4.085	4.814
4.087	4.815
4.092	4.817
4.097	4.818
4.102	4.820
4.114	4.821
4.118	4.822
4.123	4.824
4.130	4.825
4.135	4.827
4.140	4.828
4.145	4.829
4.150	4.831
4.154	4.832
4.162	4.833
4.166	4.835
4.171	4.836
4.176	4.838
4.181	4.839
4.186	4.840
4.190	4.842
4.195	4.843
4.202	4.845
4.205	4.846
4.210	4.847
4.214	4.849
4.219	4.850
4.226	4.851
4.231	4.853
4.236	4.854
4.243	4.856
4.246	4.857
4.253	4.858
4.258	4.860
4.262	4.861
4.270	4.863
4.274	4.864
4.282	4.865
4.286	4.867
4.294	4.868
4.296	4.869
4.303	4.871
4.308	4.872
4.313	4.874
4.325	4.875
4.330	4.876
4.337	4.878
4.339	4.879
4.346	4.881
4.349	4.882
4.354	4.883
4.361	4.885
4.368	4.886
4.370	4.887
4.378	4.889
4.380	4.890
4.387	4.892
4.394	4.893
4.402	4.894
4.409	4.896
4.411	4.897
4.414	4.896
4.414	4.897
4.418	4.899
4.426	4.900
4.430	4.901
4.435	4.903
4.442	4.904
4.447	4.905
4.452	4.907
4.459	4.908
4.462	4.910
4.466	4.911
4.474	4.912
4.478	4.914
4.483	4.915
4.488	4.917
4.495	4.918
4.500	4.919
4.505	4.921
4.512	4.922
4.517	4.923
4.524	4.925
4.529	4.926
4.536	4.928
4.541	4.929
4.546	4.930
4.553	4.932
4.558	4.933
4.567	4.935
4.574	4.936
4.579	4.937
4.586	4.939
4.589	4.940
4.596	4.941
4.601	4.943
4.608	4.944
4.613	4.946
4.618	4.947
4.625	4.948
4.630	4.950
4.634	4.951
4.642	4.953
4.644	4.954
4.651	4.955
4.656	4.957
4.663	4.958
4.668	4.959
4.675	4.961
4.680	4.962
4.687	4.964
4.692	4.965
4.699	4.966
4.704	4.968
4.711	4.969
4.716	4.971
4.723	4.972
4.728	4.973
4.735	4.975
4.740	4.976
4.745	4.977
4.754	4.979
4.759	4.980
4.769	4.982
4.776	4.983
4.778	4.984
4.786	4.986
4.790	4.987
4.795	4.989
4.802	4.990
4.810	4.991
4.814	4.993
4.822	4.994
4.826	4.995
4.834	4.997
4.836	4.998
4.841	5.000
4.848	5.001
4.855	5.002
4.860	5.004
4.865	5.005
4.877	5.007
4.882	5.008
4.889	5.009
4.889	5.008
4.891	5.009
4.894	5.011
4.898	5.012
4.906	5.013
4.910	5.015
4.915	5.016
4.922	5.018
4.927	5.019
4.934	5.020
4.939	5.022
4.946	5.023
4.951	5.025
4.956	5.026
4.963	5.027
4.968	5.029
4.978	5.030
4.982	5.031
4.990	5.033
4.994	5.034
5.002	5.036
5.009	5.037
5.014	5.038
5.016	5.037
5.016	5.038
5.021	5.040
5.028	5.041
5.033	5.043
5.040	5.044
5.045	5.045
5.052	5.047
5.052	5.045
5.052	5.047
5.057	5.048
5.064	5.049
5.069	5.051
5.076	5.052
5.081	5.054
5.088	5.055
5.093	5.056
5.098	5.058
5.102	5.059
5.107	5.061
5.114	5.062
5.119	5.063
5.126	5.065
5.134	5.066
5.141	5.067
5.143	5.069
5.146	5.067
5.150	5.069
5.155	5.070
5.162	5.072
5.170	5.073
5.174	5.074
5.179	5.076
5.186	5.077
5.194	5.079
5.201	5.080
5.206	5.081
5.213	5.083
5.220	5.084
5.225	5.085
5.232	5.087
5.237	5.088
5.242	5.090
5.249	5.091
5.254	5.092
5.261	5.094
5.263	5.095
5.270	5.097
5.278	5.098
5.280	5.099
5.287	5.101
5.294	5.102
5.302	5.103
5.306	5.105
5.318	5.106
5.323	5.108
5.326	5.109
5.330	5.110
5.340	5.112
5.345	5.113
5.350	5.115
5.357	5.116
5.364	5.117
5.369	5.119
5.376	5.120
5.383	5.121
5.393	5.123
5.398	5.124
5.405	5.126
5.412	5.127
5.419	5.128
5.424	5.130
5.431	5.131
5.436	5.132
5.443	5.134
5.450	5.135
5.455	5.137
5.462	5.138
5.470	5.139
5.474	5.141
5.482	5.142
5.489	5.144
5.494	5.145
5.501	5.146
5.503	5.148
5.510	5.149
5.520	5.150
5.527	5.152
5.532	5.153
5.539	5.155
5.546	5.156
5.551	5.157
5.554	5.156
5.554	5.157
5.561	5.159
5.566	5.160
5.570	5.162
5.575	5.163
5.582	5.164
5.590	5.166
5.594	5.167
5.602	5.168
5.609	5.170
5.616	5.171
5.621	5.173
5.628	5.174
5.635	5.175
5.640	5.177
5.642	5.178
5.650	5.180
5.657	5.181
5.662	5.182
5.662	5.181
5.664	5.182
5.669	5.184
5.676	5.185
5.688	5.186
5.693	5.188
5.700	5.189
5.707	5.191
5.712	5.192
5.719	5.193
5.726	5.195
5.731	5.196
5.738	5.198
5.743	5.199
5.748	5.200
5.753	5.202
5.760	5.203
5.765	5.204
5.772	5.206
5.777	5.207
5.784	5.209
5.794	5.210
5.798	5.211
5.806	5.213
5.813	5.214
5.820	5.216
5.825	5.217
5.832	5.218
5.842	5.220
5.846	5.221
5.854	5.222
5.863	5.224
5.868	5.225
5.875	5.227
5.880	5.228
5.887	5.229
5.894	5.231
5.902	5.232
5.904	5.234
5.906	5.232
5.906	5.234
5.914	5.235
5.918	5.236
5.926	5.238
5.930	5.239
5.935	5.240
5.942	5.242
5.950	5.243
5.954	5.245
5.962	5.246
5.969	5.247
5.976	5.249
5.983	5.250
5.990	5.252
5.995	5.253
6.002	5.254
6.010	5.256
6.014	5.257
6.022	5.258
6.029	5.260
6.038	5.261
6.043	5.263
6.050	5.264
6.058	5.265
6.065	5.267
6.070	5.268
6.077	5.270
6.086	5.271
6.091	5.272
6.098	5.274
6.103	5.275
6.110	5.276
6.113	5.278
6.120	5.279
6.127	5.281
6.134	5.282
6.142	5.283
6.151	5.285
6.158	5.286
6.166	5.288
6.173	5.289
6.178	5.290
6.182	5.292
6.187	5.293
6.194	5.294
6.202	5.296
6.206	5.297
6.214	5.299
6.223	5.300
6.230	5.301
6.238	5.303
6.247	5.304
6.250	5.306
6.259	5.307
6.264	5.308
6.271	5.310
6.276	5.311
6.276	5.310
6.278	5.311
6.286	5.312
6.290	5.314
6.298	5.315
6.302	5.317
6.310	5.318
6.317	5.319
6.322	5.321
6.329	5.322
6.336	5.324
6.341	5.325
6.348	5.326
6.353	5.328
6.360	5.329
6.367	5.330
6.374	5.332
6.384	5.333
6.391	5.335
6.394	5.333
6.396	5.335
6.401	5.336
6.406	5.337
6.415	5.339
6.420	5.340
6.427	5.342
6.434	5.343
6.442	5.344
6.449	5.346
6.454	5.347
6.461	5.348
6.466	5.350
6.475	5.351
6.480	5.353
6.487	5.354
6.494	5.355
6.502	5.357
6.506	5.358
6.511	5.360
6.518	5.361
6.526	5.362
6.530	5.364
6.538	5.365
6.545	5.366
6.554	5.368
6.564	5.369
6.571	5.371
6.578	5.372
6.583	5.373
6.590	5.375
6.598	5.376
6.605	5.378
6.612	5.379
6.617	5.380
6.626	5.382
6.634	5.383
6.641	5.384
6.646	5.386
6.653	5.387
6.655	5.386
6.655	5.387
6.658	5.389
6.665	5.390
6.672	5.391
6.679	5.393
6.686	5.394
6.694	5.396
6.701	5.397
6.706	5.398
6.713	5.400
6.718	5.401
6.725	5.402
6.732	5.404
6.739	5.405
6.746	5.407
6.754	5.408
6.766	5.409
6.773	5.411
6.780	5.412
6.785	5.414
6.794	5.415
6.799	5.416
6.806	5.418
6.814	5.419
6.821	5.420
6.823	5.422
6.826	5.420
6.826	5.422
6.833	5.423
6.842	5.425
6.845	5.426
6.852	5.427
6.859	5.429
6.866	5.430
6.874	5.432
6.881	5.433
6.888	5.434
6.895	5.436
6.905	5.437
6.912	5.438
6.924	5.440
6.926	5.441
6.936	5.443
6.941	5.444
6.948	5.445
6.955	5.447
6.965	5.448
6.967	5.449
6.970	5.448
6.972	5.449
6.977	5.451
6.982	5.452
6.986	5.454
6.996	5.455
7.003	5.456
7.010	5.458
7.018	5.459
7.027	5.461
7.037	5.462
7.046	5.463
7.051	5.465
7.054	5.463
7.054	5.465
7.058	5.466
7.068	5.467
7.073	5.469
7.082	5.470
7.090	5.472
7.097	5.473
7.102	5.474
7.109	5.476
7.116	5.477
7.116	5.476
7.116	5.477
7.123	5.479
7.130	5.480
7.138	5.481
7.145	5.483
7.154	5.484
7.157	5.485
7.162	5.487
7.164	5.485
7.164	5.487
7.171	5.488
7.178	5.490
7.183	5.491
7.193	5.492
7.200	5.494
7.207	5.495
7.214	5.497
7.222	5.498
7.231	5.499
7.238	5.501
7.246	5.502
7.255	5.503
7.262	5.505
7.272	5.506
7.277	5.508
7.277	5.506
7.279	5.508
7.284	5.509
7.291	5.510
7.301	5.512
7.308	5.513
7.313	5.515
7.318	5.516
7.325	5.517
7.334	5.519
7.342	5.520
7.349	5.521
7.356	5.523
7.363	5.524
7.373	5.526
7.382	5.527
7.390	5.528
7.399	5.530
7.404	5.531
7.414	5.533
7.423	5.534
7.430	5.535
7.435	5.537
7.440	5.538
7.450	5.539
7.457	5.541
7.462	5.542
7.469	5.544
7.476	5.545
7.483	5.546
7.490	5.548
7.498	5.549
7.505	5.551
7.512	5.552
7.524	5.553
7.531	5.555
7.538	5.556
7.548	5.557
7.555	5.559
7.565	5.560
7.574	5.562
7.582	5.563
7.589	5.564
7.594	5.566
7.594	5.564
7.596	5.566
7.603	5.567
7.610	5.569
7.618	5.570
7.625	5.571
7.632	5.573
7.637	5.574
7.646	5.575
7.656	5.577
7.663	5.578
7.670	5.580
7.678	5.581
7.687	5.582
7.694	5.584
7.699	5.585
7.706	5.587
7.716	5.588
7.721	5.589
7.728	5.591
7.735	5.592
7.742	5.593
7.752	5.595
7.759	5.596
7.766	5.598
7.776	5.599
7.783	5.600
7.788	5.599
7.790	5.600
7.798	5.602
7.805	5.603
7.814	5.605
7.824	5.606
7.831	5.607
7.838	5.609
7.846	5.610
7.850	5.611
7.858	5.613
7.865	5.614
7.872	5.616
7.872	5.614
7.872	5.616
7.882	5.617
7.884	5.618
7.891	5.620
7.901	5.621
7.908	5.623
7.915	5.624
7.915	5.623
7.920	5.624
7.927	5.625
7.934	5.627
7.942	5.628
7.951	5.629
7.961	5.631
7.968	5.632
7.978	5.634
7.987	5.635
7.994	5.636
8.004	5.638
8.006	5.636
8.009	5.638
8.016	5.639
8.023	5.641
8.030	5.642
8.038	5.643
8.038	5.642
8.038	5.643
8.047	5.645
8.054	5.646
8.062	5.647
8.066	5.649
8.071	5.650
8.078	5.652
8.088	5.653
8.095	5.654
8.095	5.653
8.098	5.654
8.105	5.656
8.114	5.657
8.122	5.659
8.138	5.660
8.148	5.661
8.148	5.663
8.160	5.664
8.167	5.665
8.170	5.667
8.179	5.668
8.186	5.670
8.206	5.671
8.213	5.672
8.222	5.674
8.232	5.675
8.237	5.677
8.249	5.678
8.256	5.679
8.263	5.681
8.270	5.682
8.280	5.683
8.285	5.685
8.297	5.686
8.304	5.688
8.311	5.689
8.316	5.690
8.328	5.692
8.335	5.693
8.342	5.695
8.352	5.696
8.357	5.697
8.366	5.699
8.374	5.700
8.381	5.701
8.390	5.703
8.390	5.701
8.395	5.703
8.407	5.704
8.417	5.706
8.426	5.707
8.434	5.708
8.443	5.710
8.453	5.711
8.460	5.713
8.472	5.714
8.479	5.715
8.489	5.717
8.496	5.718
8.503	5.719
8.510	5.721
8.515	5.722
8.525	5.724
8.534	5.725
8.542	5.726
8.551	5.728
8.554	5.726
8.556	5.728
8.566	5.729
8.575	5.731
8.587	5.732
8.594	5.733
8.604	5.735
8.614	5.736
8.623	5.737
8.628	5.739
8.633	5.740
8.642	5.742
8.650	5.743
8.657	5.744
8.669	5.746
8.678	5.747
8.686	5.748
8.695	5.750
8.710	5.751
8.717	5.753
8.726	5.754
8.736	5.755
8.743	5.757
8.755	5.758
8.758	5.760
8.758	5.758
8.760	5.760
8.767	5.761
8.777	5.762
8.784	5.764
8.794	5.765
8.803	5.766
8.813	5.768
8.825	5.769
8.832	5.771
8.844	5.772
8.846	5.771
8.849	5.772
8.854	5.773
8.854	5.772
8.856	5.773
8.863	5.775
8.873	5.776
8.882	5.778
8.887	5.779
8.897	5.780
8.906	5.782
8.916	5.783
8.921	5.782
8.921	5.783
8.930	5.784
8.940	5.786
8.952	5.787
8.959	5.789
8.969	5.790
8.969	5.789
8.971	5.790
8.981	5.791
8.988	5.793
8.998	5.794
9.005	5.796
9.017	5.797
9.024	5.798
9.034	5.800
9.041	5.801
9.050	5.802
9.058	5.804
9.065	5.805
9.074	5.807
9.077	5.805
9.079	5.807
9.082	5.805
9.084	5.807
9.091	5.808
9.103	5.809
9.110	5.811
9.120	5.812
9.127	5.814
9.137	5.815
9.139	5.814
9.139	5.815
9.149	5.816
9.156	5.818
9.166	5.819
9.178	5.820
9.182	5.822
9.192	5.823
9.204	5.825
9.214	5.826
9.223	5.827
9.230	5.829
9.240	5.830
9.252	5.832
9.269	5.833
9.278	5.834
9.288	5.836
9.298	5.837
9.307	5.838
9.317	5.840
9.326	5.841
9.331	5.843
9.334	5.841
9.334	5.843
9.346	5.844
9.355	5.845
9.360	5.847
9.370	5.848
9.384	5.850
9.396	5.851
9.403	5.852
9.418	5.854
9.427	5.855
9.437	5.856
9.439	5.855
9.439	5.856
9.444	5.858
9.456	5.859
9.461	5.861
9.470	5.862
9.482	5.863
9.492	5.865
9.499	5.866
9.509	5.868
9.518	5.869
9.523	5.868
9.526	5.869
9.538	5.870
9.547	5.872
9.557	5.873
9.569	5.874
9.581	5.876
9.590	5.877
9.598	5.879
9.607	5.880
9.612	5.881
9.622	5.883
9.634	5.884
9.643	5.886
9.653	5.887
9.662	5.888
9.672	5.890
9.684	5.891
9.684	5.890
9.686	5.891
9.696	5.892
9.706	5.894
9.715	5.895
9.725	5.897
9.727	5.895
9.727	5.897
9.744	5.898
9.756	5.899
9.766	5.901
9.773	5.902
9.782	5.904
9.792	5.905
9.799	5.906
9.802	5.905
9.802	5.906
9.809	5.908
9.821	5.909
9.821	5.908
9.823	5.909
9.833	5.910
9.842	5.912
9.852	5.913
9.862	5.915
9.871	5.916
9.881	5.917
9.893	5.919
9.912	5.920
9.917	5.922
9.919	5.920
9.922	5.922
9.934	5.923
9.943	5.924
9.946	5.923
9.946	5.924
9.955	5.926
9.965	5.927
9.974	5.928
9.984	5.930
9.996	5.931
10.003	5.933
10.015	5.934
10.015	5.933
10.015	5.934
10.030	5.935
10.039	5.937
10.044	5.938
10.054	5.940
10.066	5.941
10.075	5.942
10.087	5.944
10.087	5.942
10.092	5.944
10.104	5.945
10.118	5.946
10.128	5.948
10.138	5.949
10.147	5.951
10.154	5.952
10.166	5.953
10.176	5.955
10.186	5.956
10.207	5.958
10.217	5.959
10.226	5.960
10.236	5.962
10.248	5.963
10.260	5.964
10.270	5.966
10.279	5.967
10.279	5.966
10.282	5.967
10.294	5.969
10.303	5.970
10.313	5.971
10.325	5.973
10.332	5.974
10.344	5.976
10.354	5.977
10.366	5.978
10.368	5.977
10.373	5.978
10.385	5.980
10.392	5.981
10.406	5.982
10.418	5.984
10.428	5.985
10.435	5.987
10.445	5.988
10.457	5.989
10.469	5.991
10.471	5.989
10.471	5.991
10.483	5.992
10.493	5.994
10.495	5.992
10.498	5.994
10.505	5.995
10.517	5.996
10.517	5.995
10.519	5.996
10.526	5.998
10.536	5.999
10.538	5.998
10.538	5.999
10.550	6.000
10.565	6.002
10.579	6.003
10.589	6.005
10.603	6.006
10.613	6.007
10.613	6.006
10.615	6.007
10.630	6.009
10.639	6.010
10.651	6.012
10.663	6.013
10.675	6.014
10.685	6.016
10.694	6.017
10.704	6.018
10.716	6.020
10.728	6.021
10.740	6.023
10.754	6.024
10.764	6.025
10.776	6.027
10.790	6.028
10.802	6.030
10.814	6.031
10.834	6.032
10.846	6.034
10.858	6.035
10.872	6.036
10.874	6.035
10.874	6.036
10.884	6.038
10.894	6.039
10.906	6.041
10.918	6.042
10.927	6.043
10.937	6.045
10.951	6.046
10.961	6.048
10.973	6.049
10.994	6.050
11.006	6.052
11.016	6.053
11.028	6.054
11.042	6.056
11.057	6.057
11.057	6.056
11.057	6.057
11.057	6.056
11.059	6.057
11.074	6.059
11.086	6.060
11.100	6.061
11.114	6.063
11.122	6.064
11.136	6.065
11.148	6.067
11.160	6.068
11.170	6.070
11.182	6.071
11.194	6.072
11.208	6.074
11.220	6.075
11.234	6.077
11.249	6.078
11.261	6.079
11.282	6.081
11.282	6.079
11.285	6.081
11.297	6.082
11.309	6.083
11.323	6.085
11.330	6.086
11.330	6.085
11.333	6.086
11.333	6.085
11.335	6.086
11.342	6.088
11.357	6.089
11.369	6.090
11.383	6.092
11.395	6.093
11.417	6.095
11.429	6.096
11.443	6.097
11.455	6.099
11.470	6.100
11.470	6.099
11.472	6.100
11.484	6.101
11.486	6.100
11.486	6.101
11.501	6.103
11.508	6.104
11.520	6.106
11.532	6.107
11.554	6.108
11.570	6.110
11.582	6.111
11.585	6.110
11.585	6.111
11.599	6.113
11.614	6.114
11.626	6.115
11.638	6.117
11.652	6.118
11.662	6.119
11.662	6.118
11.662	6.119
11.681	6.121
11.690	6.122
11.702	6.124
11.714	6.125
11.731	6.126
11.748	6.128
11.767	6.129
11.784	6.131
11.794	6.132
11.806	6.133
11.815	6.135
11.837	6.136
11.849	6.137
11.870	6.139
11.882	6.140
11.885	6.139
11.887	6.140
11.902	6.142
11.914	6.143
11.930	6.144
11.942	6.146
11.954	6.147
11.966	6.149
11.978	6.150
11.995	6.151
12.000	6.150
12.002	6.151
12.017	6.153
12.036	6.154
12.048	6.155
12.050	6.154
12.053	6.155
12.062	6.157
12.065	6.155
12.065	6.157
12.082	6.158
12.096	6.160
12.108	6.161
12.113	6.162
12.115	6.161
12.115	6.162
12.130	6.164
12.144	6.165
12.144	6.164
12.146	6.165
12.168	6.167
12.170	6.165
12.173	6.167
12.185	6.168
12.187	6.167
12.187	6.168
12.190	6.167
12.192	6.168
12.209	6.169
12.221	6.171
12.238	6.172
12.254	6.173
12.271	6.175
12.286	6.176
12.300	6.178
12.312	6.179
12.317	6.178
12.317	6.179
12.322	6.180
12.324	6.179
12.326	6.180
12.341	6.182
12.348	6.183
12.362	6.185
12.362	6.183
12.365	6.185
12.386	6.186
12.401	6.187
12.427	6.189
12.439	6.190
12.456	6.191
12.456	6.190
12.456	6.191
12.473	6.193
12.475	6.191
12.475	6.193
12.494	6.194
12.511	6.196
12.523	6.197
12.526	6.196
12.526	6.197
12.528	6.196
12.528	6.197
12.542	6.198
12.545	6.200
12.547	6.198
12.547	6.200
12.564	6.201
12.600	6.203
12.612	6.204
12.617	6.203
12.617	6.204
12.634	6.205
12.648	6.207
12.650	6.205
12.650	6.207
12.662	6.208
12.679	6.209
12.694	6.211
12.694	6.209
12.696	6.211
12.696	6.209
12.698	6.211
12.710	6.212
12.713	6.211
12.713	6.212
12.725	6.214
12.727	6.212
12.727	6.214
12.730	6.212
12.730	6.214
12.737	6.215
12.754	6.216
12.770	6.218
12.787	6.219
12.806	6.221
12.840	6.222
12.857	6.223
12.874	6.225
12.876	6.223
12.876	6.225
12.890	6.226
12.905	6.227
12.929	6.229
12.941	6.230
12.950	6.232
12.984	6.233
12.986	6.232
12.989	6.233
13.003	6.234
13.003	6.233
13.006	6.234
13.020	6.236
13.039	6.237
13.054	6.239
13.056	6.237
13.056	6.239
13.056	6.237
13.058	6.239
13.073	6.240
13.078	6.241
13.102	6.243
13.121	6.244
13.123	6.243
13.130	6.244
13.135	6.243
13.138	6.244
13.150	6.245
13.152	6.244
13.152	6.245
13.171	6.247
13.190	6.248
13.210	6.250
13.226	6.251
13.236	6.252
13.236	6.251
13.238	6.252
13.241	6.251
13.241	6.252
13.255	6.254
13.270	6.255
13.286	6.257
13.289	6.255
13.289	6.257
13.310	6.258
13.327	6.259
13.351	6.261
13.370	6.262
13.373	6.261
13.375	6.262
13.409	6.263
13.409	6.262
13.409	6.263
13.423	6.265
13.440	6.266
13.442	6.265
13.442	6.266
13.459	6.268
13.471	6.269
13.490	6.270
13.512	6.272
13.531	6.273
13.553	6.275
13.560	6.273
13.567	6.275
13.584	6.276
13.586	6.275
13.589	6.276
13.601	6.277
13.606	6.276
13.606	6.277
13.622	6.279
13.632	6.280
13.634	6.279
13.637	6.280
13.656	6.281
13.670	6.283
13.673	6.281
13.675	6.283
13.692	6.284
13.694	6.283
13.694	6.284
13.714	6.286
13.723	6.284
13.735	6.286
13.762	6.287
13.778	6.288
13.790	6.290
13.802	6.291
13.824	6.293
13.846	6.294
13.865	6.295
13.865	6.294
13.870	6.295
13.870	6.294
13.872	6.295
13.891	6.297
13.894	6.295
13.896	6.297
13.927	6.298
13.944	6.299
13.946	6.298
13.946	6.299
13.949	6.298
13.949	6.299
13.970	6.301
13.987	6.302
14.004	6.304
14.028	6.305
14.047	6.306
14.071	6.308
14.095	6.309
14.114	6.311
14.160	6.312
14.184	6.313
14.198	6.315
14.198	6.313
14.201	6.315
14.222	6.316
14.239	6.317
14.242	6.316
14.246	6.317
14.258	6.319
14.280	6.320
14.297	6.319
14.297	6.320
14.323	6.322
14.347	6.323
14.352	6.322
14.352	6.323
14.369	6.324
14.395	6.326
14.410	6.327
14.412	6.326
14.414	6.327
14.414	6.326
14.417	6.327
14.431	6.329
14.455	6.330
14.482	6.331
14.501	6.333
14.522	6.334
14.527	6.333
14.527	6.334
14.534	6.333
14.534	6.334
14.537	6.333
14.537	6.334
14.563	6.335
14.566	6.334
14.566	6.335
14.590	6.337
14.599	6.338
14.621	6.340
14.623	6.338
14.645	6.340
14.664	6.341
14.664	6.340
14.666	6.341
14.669	6.340
14.671	6.341
14.683	6.342
14.705	6.344
14.707	6.342
14.719	6.344
14.722	6.342
14.724	6.344
14.726	6.342
14.726	6.344
14.741	6.345
14.760	6.347
14.784	6.348
14.818	6.349
14.818	6.348
14.820	6.349
14.822	6.348
14.822	6.349
14.825	6.348
14.825	6.349
14.827	6.348
14.827	6.349
14.832	6.348
14.832	6.349
14.851	6.351
14.851	6.349
14.854	6.351
14.866	6.352
14.868	6.351
14.868	6.352
14.892	6.353
14.918	6.355
14.921	6.353
14.921	6.355
14.923	6.353
14.926	6.355
14.947	6.356
14.974	6.358
14.976	6.356
14.978	6.358
15.007	6.359
15.029	6.360
15.031	6.359
15.055	6.360
15.084	6.362
15.094	6.363
15.096	6.362
15.096	6.363
15.098	6.362
15.098	6.363
15.101	6.362
15.101	6.363
15.103	6.362
15.103	6.363
15.127	6.365
15.149	6.366
15.175	6.367
15.204	6.369
15.204	6.367
15.209	6.369
15.254	6.370
15.254	6.369
15.257	6.370
15.288	6.371
15.305	6.373
15.310	6.371
15.312	6.373
15.334	6.374
15.355	6.376
15.379	6.377
15.382	6.376
15.386	6.377
15.415	6.378
15.449	6.380
15.497	6.381
15.514	6.382
15.518	6.381
15.518	6.382
15.521	6.381
15.521	6.382
15.550	6.384
15.576	6.385
15.598	6.387
15.638	6.388
15.638	6.387
15.643	6.388
15.674	6.389
15.689	6.391
15.720	6.392
15.754	6.394
15.785	6.395
15.787	6.394
15.790	6.395
15.816	6.396
15.866	6.398
15.898	6.399
15.924	6.400
15.955	6.402
15.958	6.400
15.960	6.402
15.991	6.403
16.013	6.405
16.013	6.403
16.015	6.405
16.046	6.406
16.046	6.405
16.049	6.406
16.051	6.405
16.051	6.406
16.073	6.407
16.126	6.409
16.126	6.407
16.135	6.409
16.162	6.410
16.164	6.409
16.164	6.410
16.169	6.409
16.171	6.410
16.188	6.412
16.188	6.410
16.190	6.412
16.219	6.413
16.219	6.412
16.222	6.413
16.248	6.414
16.306	6.416
16.337	6.417
16.354	6.418
16.382	6.420
16.385	6.418
16.387	6.420
16.390	6.418
16.392	6.420
16.440	6.421
16.445	6.420
16.447	6.421
16.478	6.423
16.498	6.424
16.502	6.423
16.507	6.424
16.560	6.425
16.562	6.424
16.562	6.425
16.596	6.427
16.610	6.428
16.613	6.427
16.618	6.428
16.649	6.430
16.692	6.431
16.694	6.430
16.694	6.431
16.716	6.430
16.718	6.431
16.721	6.430
16.721	6.431
16.723	6.430
16.723	6.431
16.754	6.432
16.795	6.434
16.824	6.435
16.831	6.434
16.834	6.435
16.867	6.436
16.886	6.438
16.896	6.436
16.898	6.438
16.934	6.436
16.934	6.438
16.963	6.439
17.002	6.441
17.014	6.442
17.014	6.441
17.021	6.442
17.093	6.443
17.119	6.445
17.141	6.446
17.141	6.445
17.143	6.446
17.186	6.448
17.210	6.446
17.210	6.448
17.220	6.446
17.225	6.448
17.246	6.449
17.251	6.448
17.251	6.449
17.256	6.448
17.256	6.449
17.297	6.450
17.318	6.452
17.321	6.450
17.323	6.452
17.357	6.450
17.357	6.452
17.400	6.453
17.436	6.454
17.474	6.456
17.474	6.454
17.474	6.456
17.479	6.454
17.482	6.456
17.513	6.457
17.549	6.459
17.592	6.457
17.594	6.459
17.633	6.460
17.633	6.459
17.635	6.460
17.676	6.461
17.678	6.460
17.681	6.461
17.683	6.460
17.686	6.461
17.688	6.460
17.690	6.461
17.707	6.463
17.710	6.461
17.714	6.463
17.722	6.461
17.724	6.463
17.758	6.464
17.762	6.463
17.791	6.464
17.830	6.466
17.830	6.464
17.832	6.466
17.842	6.464
17.842	6.466
17.863	6.467
17.904	6.468
17.904	6.467
17.909	6.468
17.950	6.467
17.950	6.468
17.981	6.470
17.986	6.468
17.988	6.470
18.026	6.471
18.070	6.472
18.074	6.471
18.074	6.472
18.084	6.471
18.084	6.472
18.127	6.474
18.178	6.475
18.180	6.474
18.182	6.475
18.206	6.474
18.206	6.475
18.221	6.474
18.223	6.475
18.223	6.474
18.226	6.475
18.266	6.477
18.269	6.475
18.269	6.477
18.269	6.475
18.274	6.477
18.324	6.478
18.350	6.479
18.350	6.478
18.355	6.479
18.362	6.478
18.365	6.479
18.442	6.481
18.444	6.479
18.446	6.481
18.466	6.482
18.470	6.481
18.475	6.482
18.506	6.481
18.509	6.482
18.516	6.481
18.518	6.482
18.526	6.481
18.528	6.482
18.566	6.484
18.574	6.482
18.574	6.484
18.614	6.485
18.658	6.486
18.660	6.485
18.660	6.486
18.662	6.485
18.665	6.486
18.763	6.488
18.766	6.486
18.768	6.488
18.821	6.489
18.828	6.488
18.830	6.489
18.850	6.490
18.850	6.489
18.852	6.490
18.902	6.492
18.905	6.490
18.910	6.492
18.917	6.490
18.917	6.492
18.926	6.490
18.960	6.492
19.010	6.493
19.015	6.492
19.018	6.493
19.020	6.492
19.020	6.493
19.022	6.492
19.022	6.493
19.025	6.492
19.027	6.493
19.073	6.495

